"x"
0.415836905040834
0.36120851925268
0.312011345522257
0.268260293016287
0.230051641246856
0.197626155015989
0.171449564385216
0.152264658630025
0.140992439978814
0.138354187380977
0.144386005906608
0.158362826922483
0.179247691778999
0.206163708858411
0.238564794839094
0.276191604160574
0.318970619478843
0.366929465277268
0.420141990035808
0.478697028682479
0.542682370338698
0.612177534909566
0.687251298072215
0.767961592293927
0.854356472171144
0.946475454606706
1.04435089341791
1.14800923650477
1.25747211139518
1.37275723279331
