"x"
0.0334521385021555
0.033351286504438
0.0332605008270598
0.0331797577377075
0.0331090384343416
0.0330483290451997
0.0329976206287948
0.0329569091739149
0.0329261955996213
0.0329054857552542
0.0328947904204237
0.0328941253050199
0.0329035110492076
0.0329229732234236
0.0329525423283819
0.0329922537950728
0.0330421479847588
0.0331022701889799
0.0331726706295532
0.0332534044585665
0.0333445317583838
0.0334461175416487
0.0335582317512728
0.0336809492604503
0.0338143498726445
0.0339585183215966
0.0341135442713243
0.0342795223161182
0.0344565519805456
0.0346447377194474
