"x"
0.534842650696809
0.46052411246965
0.396051173386154
0.341565964225166
0.2972039185264
0.263035085771317
0.238973779927794
0.224698594182045
0.219667115550271
0.223273796896647
0.235072811097271
0.254915361791286
0.282931223051092
0.319408724108729
0.364667475899006
0.418978874680162
0.482538697427139
0.555471952369911
0.637849960122339
0.729708013816483
0.831059224369958
0.941904018050405
1.06223614982844
1.19204630212479
1.33132413693801
1.48005940496041
1.63824249988316
1.80586469645174
1.98291821459669
2.169396192667
