"x"
0.0999952379683411
0.0993320716135635
0.0987724516013838
0.098315073746691
0.0979587625503956
0.0977024711994314
0.0975452815667528
0.0974864042113409
0.0975251783781949
0.0976610719983392
0.0978936816888187
0.0982227327527001
0.0986480791790751
0.0991697036430552
0.0997877175057786
0.100502360814397
0.101314002302095
0.102223139388072
0.103230398177553
0.104336533461787
0.105542428718039
0.106849096109605
0.108257676485796
0.10976943938195
0.111385783019424
0.113108234305601
0.114938448833884
0.116878210883697
0.11892943342049
0.121094158095735
