"x"
0.00456435981920547
0.0045635050145581
0.00456257935101959
0.00456158064792651
0.00456050706686929
0.00455935713302374
0.00455812975396805
0.00455682423575208
0.00455544029600558
0.00455397807390959
0.00455243813689231
0.00455082148394207
0.00454912954547967
0.00454736417976639
0.00454552766586978
0.00454362269324871
0.00454165234806537
0.00453962009636319
0.00453752976429345
0.00453538551560632
0.00453319182664702
0.00453095345913382
0.0045286754310079
0.00452636298566794
0.00452402155991285
0.00452165675092448
0.00451927428262379
0.00451687997173251
0.0045144796938663
0.00451207934997144
