"x"
0.458363973095115
0.40276239334677
0.35259552280012
0.307888221693745
0.268708577974646
0.235193027436555
0.207573853316495
0.186192742976508
0.171466909631793
0.163773242723333
0.163272706832529
0.169795057474681
0.182898939621888
0.202061349713542
0.226846050374479
0.256971112388735
0.29229710699195
0.332784991151658
0.378454655591619
0.429354729162883
0.485543835367881
0.547080301455007
0.61401724222496
0.686400740129325
0.764269656791363
0.847656211749504
0.936586852171912
1.03108316907575
1.1311627464273
1.23683989963769
