"x"
-0.0370455401718864
-0.0330108679953158
-0.0292143717447393
-0.0256560514201008
-0.0223359070214428
-0.0192539385487499
-0.0164101460020256
-0.0138045293812659
-0.0114370886864752
-0.00930782391765332
-0.0074167350747973
-0.00576382215791721
-0.00434908516699951
-0.00317252410203166
-0.00223413896305388
-0.00153392975004485
-0.00107189646300424
-0.000848039101906297
-0.000862357666812557
-0.00111485215765124
-0.00160552257447936
-0.00233436891727601
-0.00330139118606887
-0.00450658938081901
-0.00594996350147103
-0.00763151354815103
-0.00955123952068896
-0.0117091414193241
-0.0141052192438769
-0.0167394729944797
