"x"
0.00870957018295901
0.00872883834023305
0.0087489273741585
0.00876977182353162
0.00879130068131805
0.0088134378219711
0.00883610249671879
0.00885920989154276
0.00888267174129538
0.00890639699224614
0.00893029250432717
0.00895426378349783
0.00897821573399453
0.00900205341978001
0.00902568282428686
0.00904901159755495
0.0090719497801058
0.00909441049335977
0.00911631058709641
0.00913757123533937
0.00915811847311025
0.00917788366771855
0.0091968039195718
0.00921482238891258
0.00923188854633225
0.00924795834637042
0.00926299432492208
0.0092769656225211
0.00928984793680279
0.00930162340854784
