"x"
-0.0449592905461288
-0.0395595882139984
-0.0342576082163304
-0.0290533505531162
-0.0239468152243385
-0.0189380022300247
-0.0140269115701522
-0.0092135432447368
-0.00449789725377777
0.000120026402741985
0.00464022772480568
0.00906270671240815
0.0133874633655805
0.0176144976842745
0.0217438096685402
0.0257753993183412
0.0297092666336928
0.0335454116145926
0.0372838342610527
0.0409245345730699
0.0444675125505981
0.047912768193724
0.0512603015023941
0.0545101124765528
0.057662201116298
0.0607165674215739
0.0636732113924162
0.0665321330288263
0.0692933323307269
0.0719568092982098
