"x"
0.00232155976566048
0.00232133727914229
0.002321083731126
0.00232079900465455
0.00232048301395531
0.00232013570464919
0.00231975705389607
0.00231934707047595
0.00231890579480747
0.00231843329890358
0.00231792968626447
0.00231739509171059
0.00231682968115422
0.00231623365131388
0.00231560722936973
0.00231495067256472
0.00231426426775017
0.00231354833088019
0.00231280320645464
0.00231202926691403
0.00231122691198829
0.00231039656800005
0.0023095386871275
0.00230865374662534
0.00230774224800983
0.00230680471620779
0.00230584169867223
0.00230485376446839
0.00230384150333097
0.0023028055246958
