"x"
-0.181282587131609
-0.156813866596358
-0.133664839468555
-0.111835505748183
-0.0913258654352814
-0.0721359185298175
-0.0542656650318061
-0.0377151049412462
-0.0224842382581303
-0.00857306498246644
0.00401841488575396
0.0152902013465239
0.0252422943998433
0.0338746940457184
0.0411874002841466
0.0471804131151285
0.0518537325386508
0.0552073585547396
0.057241291163345
0.0579555303645479
0.0573500761582931
0.0554249285445193
0.052180087523404
0.0476155530947871
0.0417313252587668
0.0345274040152099
0.0260037893643177
0.0161604813059302
0.0049974798401041
-0.00748521503327218
