"x"
0.912411278435803
0.793177282556992
0.687147246764187
0.594471149923729
0.515308488060164
0.449790427831195
0.397946924824255
0.359603200966914
0.334291503632008
0.321267284890641
0.319691293655691
0.328912558350226
0.348682120796189
0.379175548391162
0.42084799085784
0.474237887282442
0.539820232839566
0.61794233916989
0.708822623550923
0.812578742934225
0.929260701296287
1.05887791923714
1.201417929132
1.35685801680571
1.52517193179395
1.70633348032961
1.90031827294656
2.1071044346324
2.32667276133528
2.55900660085656
