"x"
0.000377197900341419
0.00204895667571795
0.00322613530316678
0.00390873378271826
0.00409675211436477
0.00379019029807528
0.0029890483338917
0.00169332622178203
-9.69760382376145e-05
-0.00238185844617068
-0.00516132100201431
-0.0084353637057718
-0.0122039865574409
-0.0164671895570246
-0.0212249727045079
-0.0264773359999339
-0.0322242794432498
-0.0384658030344863
-0.0452019067736893
-0.0524325906607193
-0.0601578546956547
-0.068377698878595
-0.0770921232093569
-0.086301127688117
-0.0960047123147329
-0.106202877089247
-0.116895622011682
-0.128082947082169
-0.139764852300401
-0.151941337666593
