"x"
0.0516417345560022
0.0514295674996489
0.0512417652509659
0.0510781711963296
0.0509386464853453
0.0508230700308575
0.0507313385089355
0.0506633663588855
0.0506190857832486
0.0505984467477928
0.050601416981527
0.0506279819766869
0.0506781449887412
0.0507519270363938
0.0508493669015825
0.0509705211294728
0.0511154640284689
0.0512842876702052
0.0514771018895464
0.0516940342845962
0.0519352302166848
0.0522008528103797
0.052491082953479
0.0528061192970145
0.0531461782552505
0.0535114940056837
0.0539023184890448
0.0543189214092969
0.054761590233636
0.0552306301924893
