"x"
0.0255476190456412
0.025492102642268
0.025442198054952
0.0253978855049996
0.0253591472559112
0.0253259676133823
0.0252983329253037
0.0252762315817593
0.0252596540150278
0.0252485926995842
0.0252430421520955
0.0252429989314261
0.025248461638631
0.0252594309169652
0.0252759094518721
0.0252979019709956
0.0253254152441691
0.0253584580834247
0.0253970413429868
0.0254411779192736
0.025490882750901
0.0255461728186748
0.0256070671456012
0.0256735867968757
0.0257457548798911
0.0258235965442354
0.0259071389816882
0.0259964114262263
0.0260914451540199
0.0261922734834346
