"x"
0.00306882107781666
0.00306820271629387
0.00306749771014475
0.00306670699360474
0.00306583166943646
0.00306487300818791
0.00306383244682189
0.00306271158671193
0.00306151219100217
0.00306023618133352
0.00305888563394025
0.00305746277513018
0.00305596997615875
0.00305440974751693
0.00305278473265526
0.00305109770116867
0.00304935154147099
0.0030475492529941
0.00304569393794588
0.0030437887926659
0.00304183709862275
0.00303984221309521
0.0030378075595826
0.00303573661799619
0.00303363291467507
0.00303150001228181
0.00302934149962496
0.00302716098146009
0.00302496206832053
0.00302274836642585
