"x"
0.330859307298561
0.290286313133924
0.254210789078576
0.222584700080498
0.195360135834032
0.172501716998327
0.154007757526422
0.139938313849774
0.130438581909641
0.125734108503684
0.12607658786256
0.131654233095166
0.142525082813556
0.158620864804945
0.179804917540878
0.205932919181272
0.236886852200133
0.2725836034939
0.312970455367587
0.358016899796528
0.407707144630715
0.462034532391377
0.520997777739194
0.58459857328552
0.652840124526673
0.725726281975056
0.803261044603649
0.885448288883746
0.972291632216931
1.06379437474853
