"x"
0.017847009486428
0.0112443276738564
0.00517298993051338
-0.000367003743608621
-0.00537565334850599
-0.00985295888418189
-0.0137989203506295
-0.0172135377478561
-0.0200968110758559
-0.0224487403346346
-0.0242693255241872
-0.0255585666445166
-0.0263164636956225
-0.0265430166775071
-0.026238225590161
-0.0254020904335945
-0.0240346112078032
-0.0221357879127889
-0.0197056205485474
-0.0167441091150839
-0.013251253612404
-0.00922705404049014
-0.00467151039934901
0.000415377310994938
0.00603360909058104
0.0121831849393871
0.0188641048574219
0.0260763688446718
0.033819976901155
0.0420949290268449
