"x"
0.355603314994521
0.315084980904813
0.279143374870236
0.247739112141934
0.220815306293858
0.198296620332079
0.180094021582965
0.166118833804151
0.156307182147451
0.150649340944956
0.149210266928895
0.152125452538029
0.159567412842172
0.17169774672886
0.188629867700183
0.210417447575523
0.237064887229138
0.268546512379186
0.304823789616709
0.345856536454724
0.391608584493474
0.442049794169274
0.497156134378143
0.556908935699477
0.621293912432732
0.690300225867191
0.763919688381586
0.842146126311819
0.924974886250902
1.01240245939503
