"x"
0.0594111757022596
0.05823918844644
0.0571997063027578
0.0562899956911824
0.0555077326589153
0.0548510028803891
0.0543183016572678
0.0539085339184465
0.0536210142200521
0.0534554667454428
0.0534120253052075
0.0534912333371674
0.0536940439063746
0.0540218197051124
0.054476333052896
0.0550597658964711
0.0557747098098161
0.0566241659941394
0.0576115452778812
0.0587406681167143
0.0600157645935406
0.0614414744184946
0.0630228469289427
0.0647653410894816
0.0666748254919402
0.0687575783553783
0.0710202875260868
0.0734700504775889
0.0761143743106383
0.07896117575322
