"x"
0.705223026000464
0.607782286957569
0.520797894362273
0.444343586619042
0.378561312060136
0.323695146202228
0.280116712569456
0.248298989862026
0.228673522735261
0.221367729258853
0.226004703094587
0.241812208876852
0.267984453912401
0.30397594394522
0.349563560989339
0.404757643883959
0.469686567126568
0.544513985713877
0.629395067714452
0.724459519287813
0.82980881097258
0.945519404218324
1.07164768757192
1.20823474431283
1.35531031237223
1.5128958481169
1.68100680963233
1.85965432415222
2.04884639300586
2.24858875834679
