"x"
0.00341872979360687
0.00341319709225297
0.00340756418997777
0.00340185266571518
0.0033960856913984
0.00339028784149056
0.00338448486785842
0.00337870344307558
0.00337297087636342
0.00336731480741157
0.0033617628842088
0.00335634243171755
0.00335108011869736
0.00334600163020023
0.00334113135320494
0.00333649208253299
0.00333210475360223
0.00332798820776016
0.00332415899493047
0.00332063121715505
0.00331741641537166
0.00331452350049084
0.00331195872858095
0.00330972571878575
0.00330782551153129
0.00330625666366021
0.00330501537638988
0.00330409565143718
0.00330348947029419
0.00330318699146894
