"x"
-0.0137534803152579
-0.0169489647327151
-0.0200126353177175
-0.0229444920702628
-0.0257445349903527
-0.028412764077982
-0.0309491793331537
-0.0333537807558688
-0.0356265683461272
-0.0377675421039286
-0.0397767020292736
-0.0416540481221595
-0.0433995803825883
-0.0450132988105607
-0.046495203406077
-0.0478452941691344
-0.0490635710997348
-0.0501500341978774
-0.0511046834635673
-0.0519275188967923
-0.0526185404975679
-0.0531777482658823
-0.0536051422017321
-0.053900722305138
-0.054064488576086
-0.0540964410145609
-0.0539965796206008
-0.0537649043941629
-0.053401415335277
-0.0529061124439271
