"x"
-0.0361323952711207
-0.0287600557077742
-0.0227858623634147
-0.0182098152380486
-0.0150319143316744
-0.0132521596442873
-0.0128705511758928
-0.0138870889264858
-0.0163017728960708
-0.0201146030846451
-0.0253255794922085
-0.0319347021187626
-0.0399419709643067
-0.0493473860288407
-0.0601509473123655
-0.0723526548148788
-0.085952508536382
-0.10095050847688
-0.117346654636363
-0.135140947014843
-0.154333385612304
-0.174923970428751
-0.196912701464208
-0.220299578718638
-0.245084602192054
-0.271267771884496
-0.298849087795879
-0.327828549926271
-0.358206158275653
-0.389981912844025
