"x"
0.0256841863873008
0.0253624251203307
0.025078214164792
0.024831032460559
0.0246204308045545
0.0244460318507482
0.0243075301101574
0.0242046919508471
0.0241373555979297
0.0241054311335651
0.0241089004969609
0.0241478174843723
0.0242223077491013
0.0243325688014985
0.0244788700089612
0.0246615525959347
0.0248810296439116
0.025137786091432
0.0254323787340839
0.025765436224502
0.0261376590723695
0.0265498196444164
0.0270027621644209
0.027497402713208
0.0280347292286506
0.0286158015056693
0.0292417511962315
0.0299137818093534
0.0306331687110973
0.0314012591245739
