"x"
-0.00426901101742829
-0.00291436305404056
-0.00195627086350812
-0.00139473444583661
-0.00122975380102007
-0.0014613289290614
-0.00208945982996406
-0.00311414650372116
-0.00453538895033903
-0.0063531871698118
-0.00856754116214461
-0.0111784509273344
-0.0141859164653829
-0.0175899377762883
-0.0213905148600519
-0.025587647716673
-0.0301813363461521
-0.0351715807484896
-0.0405583809236842
-0.0463417368717361
-0.0525216485926457
-0.0590981160864166
-0.06607113935304
-0.073440718392531
-0.0812068532048841
-0.089369543790071
-0.0979287901481233
-0.106884592279055
-0.116236950182822
-0.12598586385945
