"x"
0.00225746248828007
0.00225899342587356
0.00226041480014102
0.00226171887330629
0.00226289837619246
0.00226394658179788
0.00226485737530682
0.00226562531932755
0.00226624571318777
0.00226671464518513
0.00226702903678954
0.00226718667792181
0.00226718625258722
0.0022670273543204
0.00226671049109227
0.00226623707953707
0.00226560942857105
0.00226483071268697
0.00226390493541341
0.00226283688362103
0.00226163207353005
0.00226029668942144
0.00225883751617583
0.00225726186685109
0.00225557750656819
0.00225379257399613
0.00225191550171829
0.00224995493672258
0.0022479196621905
0.00224581852166863
