"x"
0.303660832072748
0.264399383359268
0.229654743287743
0.199426965919088
0.17372255721726
0.152558937956754
0.135968947176615
0.124001910363486
0.116715888875073
0.114158578032328
0.116344797217916
0.123247404439575
0.134810180203914
0.150971880967954
0.171684437558521
0.196918732651928
0.226661781177176
0.260911180306799
0.299670219771383
0.342944606629039
0.390740607090566
0.4430641343726
0.499920382282058
0.561313741382614
0.627247845636925
0.697725668894672
0.772749631719569
0.852321701076564
0.936443476528451
1.02511626185205
