"x"
0.0116732322187694
0.0116139975169298
0.0115631543048727
0.0115206532027428
0.0114864533729553
0.0114605225201963
0.0114428368914231
0.0114333812758635
0.0114321490050168
0.0114391419526527
0.011454370534812
0.0114778537098066
0.0115096189782192
0.0115497023829033
0.0115981485089835
0.0116550104838551
0.0117203499771848
0.0117942372009097
0.011876750909238
0.011967978398649
0.0120680155078927
0.0121769666179902
0.0122949446522334
0.012422071076185
0.0125584758976791
0.0127042976668201
0.0128596834759839
0.0130247889598169
0.0131997782952366
0.0133848242014315
