"x"
0.00715897110651874
0.00714694638987217
0.00713370618429057
0.00711939639206097
0.00710417965244383
0.00708823201680806
0.0070717391202366
0.00705489199858937
0.00703788272660414
0.00702090006774984
0.00700412532816442
0.00698772859439841
0.00697186550866863
0.0069566746982329
0.00694227593088865
0.00692876902084138
0.00691623346285365
0.00690472873186129
0.00689429515342083
0.00688495522944267
0.00687671529428291
0.0068695673776782
0.0068634911614059
0.00685845593343783
0.006854422463956
0.00685134474927129
0.00684917159021685
0.00684784798937285
0.00684731636559135
0.00684751759442543
