"x"
0.0167424668316314
0.0166271089323227
0.0165260699307061
0.0164391992595204
0.01636636541589
0.0163074559613258
0.0162623775217245
0.0162310557873687
0.0162134355129277
0.0162094805174562
0.0162191736843951
0.0162425169615716
0.0162795313611988
0.0163302569598758
0.0163947528985879
0.0164730973827065
0.0165653876819886
0.016671740130578
0.0167922901270041
0.016927192134182
0.017076619679414
0.0172407653543869
0.0174198408151752
0.0176140767822382
0.0178237230404218
0.0180490484389579
0.0182903408914646
0.0185479073759455
0.018822073934791
0.0191131856747772
