"x"
0.00157123650602224
0.00157189596095591
0.00157257277200175
0.00157326751014877
0.0015739807135704
0.00157471287908565
0.00157546445357908
0.00157623582550716
0.0015770273166231
0.0015778391740529
0.00157867156285394
0.00157952455918304
0.00158039814419282
0.00158129219876628
0.00158220649918579
0.00158314071381864
0.00158409440088458
0.00158506700735232
0.00158605786899382
0.00158706621160481
0.00158809115338072
0.00158913170841852
0.00159018679129601
0.00159125522266384
0.0015923357357697
0.00159342698382133
0.00159452754808368
0.00159563594659667
0.00159675064339422
0.00159787005810077
