"x"
0.043736241443241
0.0360269671294636
0.0284858779208018
0.0211129738172445
0.0139082548187933
0.00687172092544849
3.37213719727624e-06
-0.00669679154594218
-0.0132287701239731
-0.0195925635969125
-0.0257881719647335
-0.0318155952274529
-0.037674833385068
-0.0433658864375786
-0.048888754384985
-0.054243437227288
-0.059429934964483
-0.0644482475965778
-0.0692983751235778
-0.0739803175454531
-0.0784940748622295
-0.0828396470738806
-0.0870170341804746
-0.0910262361819234
-0.0948672530782814
-0.0985400848695569
-0.102044731555722
-0.105381193136763
-0.108549469612683
-0.111549560983528
