"x"
-0.000756491203994774
-0.000845223833587583
-0.00099189056119077
-0.00119649138681125
-0.00145902631043938
-0.00177949533210007
-0.00215789845176449
-0.00259423566944617
-0.00308850698514304
-0.00364071239885473
-0.00425085191058424
-0.00491892552032876
-0.00564493322808388
-0.00642887503386192
-0.0072707509376547
-0.00817056093946386
-0.00912830503928524
-0.0101439832371247
-0.0112175955329847
-0.0123491419268421
-0.0135386224187324
-0.0147860370086205
-0.0160913856965401
-0.0174546684824674
-0.0188758853664342
-0.0203550363483821
-0.021892121428366
-0.023487140606385
-0.0251400938823731
-0.0268509812563741
