"x"
0.693923300836457
0.624105024367794
0.561483668867124
0.506024744686431
0.457703010607413
0.416512966819656
0.382482352824188
0.355685808321209
0.33625257904576
0.324359881393016
0.320206085150813
0.323967755233065
0.335757202033051
0.355600805092398
0.38344672102907
0.419193279407712
0.462721392948847
0.513918764924428
0.572692463745218
0.638972265461154
0.712708732435295
0.793869201602548
0.882433533159467
0.978390443776817
1.08173465324796
1.19246479651055
1.31058195698673
1.43608866689235
1.56898824264143
1.70928435352754
