"x"
0.00309366579139961
0.00310806297889813
0.00312625476311097
0.00314811670678414
0.00317260237257172
0.00319732182163576
0.00321838129008266
0.00323084981521126
0.00323005098021225
0.00321333562229574
0.00318141165755741
0.00313834187440017
0.00309013846421909
0.00304278631728424
0.00300072722392055
0.00296631176521863
0.0029400690819962
0.00292134273939546
0.00290891295650208
0.00290143348851276
0.00289767072739704
0.00289659964566401
0.00289741742501355
0.00289951894577452
0.00290245993238454
0.00290592041267239
0.00290967348649294
0.00291356054307416
0.00291747240817709
0.00292133536156951
