"x"
0.00227422111390637
0.002279010479707
0.00228685292492255
0.00229734666831744
0.00230928647942701
0.00232055010652896
0.00232833337925669
0.002329853669645
0.00232336052655956
0.00230897143503306
0.00228882069200555
0.00226639192794434
0.00224539121340319
0.00222871940141506
0.00221794078773636
0.00221330955207035
0.00221414958536572
0.00221931817352093
0.00222757526402056
0.00223780353673034
0.00224910175918012
0.00226079772947738
0.00227242127004332
0.00228366352473043
0.00229433643086468
0.00230433819570282
0.00231362624269081
0.00232219709263633
0.00233007194090521
0.00233728660928296
