"x"
0.120308576894899
0.0981110409030199
0.0804360326381888
0.066566638682744
0.055879444129938
0.0478445325839227
0.0420254861597595
0.0380793854834137
0.0357568096917549
0.0349018364325573
0.0354520418645035
0.0374385006571777
0.0409857859910712
0.046311969557583
0.0537286215590088
0.0636408107085568
0.0765471042303442
0.0930395678593828
0.113803765841592
0.139618760933806
0.171357114403752
0.20998488603007
0.256561634102303
0.312240415420894
0.378267785297213
0.455983797553486
0.546822004522909
0.652309457049535
0.774066704488328
0.913807794705212
