"x"
0.00863005540959419
0.00859362485600624
0.00856407031255061
0.0085473630931651
0.00855197709447208
0.0085885310049373
0.0086676654083279
0.00879556559654371
0.0089683481853455
0.0091689580508589
0.00937031722251627
0.0095444455887121
0.00967231708617614
0.00974853277847722
0.00977924535159764
0.00977648965899124
0.00975293783263914
0.0097189474811124
0.00968170608495411
0.00964555763017943
0.00961274390014284
0.00958413990006763
0.00955982495838793
0.00953947002313053
0.00952257579372761
0.00950860669241631
0.00949705875987355
0.00948748867045535
0.00947952146880518
0.009472847655815
