"x"
0.315238923609352
0.281606840622817
0.251234494056083
0.224154470485291
0.200427243089237
0.180150931285682
0.163468090295445
0.150562073005311
0.141633088992829
0.136849319387943
0.136286520623556
0.139889823546988
0.147486599839176
0.158843527379042
0.173731530380955
0.191968056470983
0.213430471148532
0.238050195730016
0.26579918790093
0.296676112692073
0.330695264292234
0.367878785978272
0.408251687412388
0.451838906003387
0.498663734980905
0.548747107376237
0.60210738493966
0.65876042510978
0.718719786186605
0.781996988278913
