"x"
0.0886431377292078
0.0717089746327423
0.058343496344717
0.0479443896413995
0.0399910378574735
0.034044520886052
0.0297476151786742
0.0268247937453099
0.025082226154354
0.0244077785326319
0.0247710135653955
0.0262231904963244
0.0288972651275258
0.0330078898195335
0.0388514134913139
0.0468058816202548
0.0573310362421787
0.0709683159513229
0.0883408559003738
0.110153487800426
0.137192739921014
0.170326837090085
0.210505700694038
0.258760948677665
0.316205895544233
0.384035552355414
0.46352662673127
0.556037522850337
0.663008341449594
0.785960879824388
