"x"
0.414348788484528
0.372635084427294
0.336059575686746
0.304622772597499
0.278327813625092
0.257181444183425
0.241194543326145
0.230381586043442
0.224758593511952
0.22433980450976
0.229134227740683
0.23914363487744
0.254362879689804
0.274782133589064
0.300389774056577
0.331174760273822
0.367127989009357
0.408242717741503
0.4545143973291
0.5059402447856
0.562518771985515
0.624249375175308
0.691132017997979
0.763167004471433
0.840354824898817
0.922696055771709
1.01019129743419
1.10284113712372
1.20064612853676
1.30360678185327
