"x"
0.167919382303323
0.136116380493853
0.110802444356447
0.0909587116255603
0.075710350498256
0.0643265596342362
0.056220568155815
0.0509496356479286
0.0482150521581381
0.0478621381966261
0.0498802447361926
0.054402753212266
0.0617070755228918
0.0722146540287385
0.0864909615531011
0.105245501381885
0.129331807263632
0.159747443409493
0.19763400449325
0.244277115651301
0.301106432482662
0.369695641048992
0.451762457874544
0.549168629946194
0.663919934713479
0.798166180088515
0.954201204446039
1.13446287662346
1.34153309592077
1.57813779210054
