"x"
-0.0365029348414329
-0.0309231752289853
-0.0257676084232956
-0.0210362344243582
-0.0167290532321745
-0.0128460648467487
-0.00938726926806964
-0.00635266649614712
-0.00374225653097049
-0.00155603937255881
0.000205984979102984
0.00154381652401899
0.002457455262177
0.00294690119358028
0.00301215431823348
0.00265321463612252
0.00187008214728271
0.000662756851655214
-0.000968761250697065
-0.00302447215980788
-0.00550437587568476
-0.00840847239831028
-0.0117367617276758
-0.0154892438637995
-0.0196659188066752
-0.0242667865563318
-0.0292918471127109
-0.0347411004758278
-0.0406145466457552
-0.0469121856224202
