"x"
0.00422176225244489
0.00421836851707118
0.00421034292202775
0.00419761719595604
0.00418171808021561
0.00416669712758637
0.00415965147890491
0.00417000444294505
0.00420687937434579
0.00427501513297848
0.00437132675547933
0.00448470891440755
0.00459974605433102
0.00470210771977307
0.00478248516830127
0.00483757979255717
0.00486879803334008
0.00488014936338757
0.00487644925538229
0.00486221290663575
0.00484116351087787
0.00481613192397671
0.00478914935700945
0.00476160649459148
0.00473441412198326
0.00470813913412234
0.00468310994860388
0.00465949404436987
0.00463735309587369
0.00461668125502279
