"x"
0.35009425250511
0.281771971844306
0.228002421147648
0.186436892840082
0.155040532560854
0.132092339163508
0.116185164715888
0.106225714500129
0.101434547012671
0.101346073964245
0.105808560279884
0.114984124098914
0.129348736774963
0.149692222875955
0.177118260184109
0.213044379695943
0.259201965622272
0.317636255388216
0.390706339633177
0.481085162210867
0.59175952018929
0.72603006385074
0.887511296691847
1.08013157542347
1.3081331099708
1.57607196347338
1.88881805228495
2.25155514597367
2.66978086732185
3.14930669232615
