"x"
-0.0180346809325636
-0.0155628440970598
-0.0134785643056398
-0.0117818415583029
-0.0104726758550437
-0.00955106719587012
-0.00901701558077078
-0.0088705210097519
-0.00911158348282028
-0.00974020299996282
-0.010756379561188
-0.0121601131664921
-0.0139514038158739
-0.0161302515093442
-0.0186966562468941
-0.021650618028517
-0.0249921368542201
-0.0287212127240098
-0.0328378456378646
-0.0373420355958185
-0.0422337825978374
-0.0475130866439718
-0.0531799477341407
-0.0592343658684101
-0.0656763410467501
-0.072505873269176
-0.0797229625356991
-0.087327608846269
-0.0953198122009329
-0.103699572599696
