"x"
0.325999822185982
0.289043616160942
0.256795816414647
0.229344968346851
0.206750412994675
0.189005974604476
0.175999602015034
0.167489004767688
0.163117341188441
0.162476792152799
0.165198353645223
0.171029519778871
0.179871716305843
0.191773024177328
0.206889619974551
0.22543514007609
0.247634239143968
0.27368974591525
0.303765639068904
0.337983008618677
0.376424130969027
0.419140139833537
0.466159222921018
0.517493762316971
0.573145888473782
0.633111491305391
0.697382964366321
0.765951001295779
0.838805724194038
0.915937360351189
