"x"
0.0386227064965845
0.0316772268057407
0.0261726489950023
0.0218739599827926
0.0185785336906723
0.0161161310433397
0.014348899968629
0.013171375397512
0.0125104792640974
0.0123255205056307
0.0126081950624946
0.0133825858782088
0.0147051628994296
0.0166647830759508
0.0193826903607027
0.0230125157097529
0.027740277082306
0.0337843794407034
0.0413956147504233
0.0508571619800815
0.0624845871014293
0.0766258430893574
0.0936612699218924
0.114003594580195
0.13809793104857
0.166421780314452
0.199485030368412
0.237829956204167
0.282031219818563
0.332695870211581
