"x"
0.177540158012606
0.163205141062801
0.150811076489941
0.14027191982408
0.131509895968458
0.12447037421766
0.119138456987931
0.115553320165259
0.113814841093887
0.114077140728763
0.116526829763321
0.121350209577934
0.128700295958174
0.138675757320458
0.151317493880515
0.166619507009941
0.184545821378904
0.205046280532489
0.228067821001278
0.253560975973254
0.281482794671515
0.311797558145379
0.344476351888181
0.379496162894078
0.416838866787891
0.456490279505153
0.498439340834033
0.542677442899627
0.589197892395206
0.637995486705157
