"x"
0.0555346569580492
0.0454319454294295
0.0373008620657561
0.0308438018543649
0.0258015885235734
0.0219534745426785
0.0191171411219575
0.0171486982126677
0.0159426845070468
0.0154320674383129
0.015588243180664
0.0164210366492784
0.0179787015003145
0.020347920130911
0.0236538036791871
0.0280598920242419
0.0337681537861544
0.0410189863259843
0.0500912157457718
0.0613020968885361
0.0750073133382776
0.0916009774199773
0.111515630199595
0.135222241484072
0.163230209821328
0.196087362500267
0.234379955550768
0.27873267374369
0.329808630590886
0.388309368345162
