"x"
0.00159498364064179
0.00160145545436303
0.00161089582662527
0.00162341420555644
0.00163869390802452
0.00165581658168132
0.00167319700076738
0.00168876213224734
0.00170045240845732
0.00170693451030451
0.00170818074542213
0.00170552714516867
0.00170111853687892
0.0016970704496336
0.00169482558412191
0.00169495455169575
0.00169732529206223
0.00170141648889514
0.00170659501609434
0.00171228704812705
0.00171805041711115
0.00172358368213412
0.00172870501733778
0.00173332224192148
0.00173740465740238
0.001740960587179
0.00174402106687226
0.00174662874849469
0.00174883074864906
0.00175067428292775
