"x"
-0.0233104128213347
-0.0188070297319453
-0.0149971151532445
-0.0118806690852356
-0.00945769152791621
-0.00772818248128789
-0.00669214194535049
-0.00634956992010274
-0.00670046640554684
-0.00774483140167988
-0.00948266490850511
-0.0119139669260201
-0.0150387374542251
-0.0188569764931222
-0.0233686840427101
-0.0285738601029867
-0.0344725046739534
-0.0410646177556134
-0.0483501993479606
-0.056329249451003
-0.0650017680647315
-0.0743677551891525
-0.0844272108242651
-0.0951801349700678
-0.106626527626558
-0.118766388793745
-0.131599718471622
-0.145126516660189
-0.159346783359438
-0.174260518569378
