"x"
0.00338625125282681
0.00341004866786269
0.00343101776228352
0.00344649146855444
0.00345357315279728
0.00344989135860989
0.00343467901296945
0.00340975186364808
0.00337966991269969
0.00335057265755208
0.00332804118806032
0.00331519514717554
0.00331212042619236
0.00331668219370698
0.00332589517300926
0.00333701499871332
0.00334804449410092
0.00335778155558115
0.00336565191191365
0.00337150024973478
0.00337541661065354
0.00337761504676673
0.00337835719299117
0.00337790802243366
0.00337651262529845
0.00337438590083324
0.00337170974499017
0.0033686342916737
0.00336528110637818
0.00336174710324087
