"x"
0.280100400206831
0.254116164738882
0.231084984979236
0.211006048177814
0.193874479749769
0.179679873473943
0.168405294213507
0.16002747797414
0.154518897015747
0.151851806175427
0.152003415249878
0.154960481367632
0.160721584958331
0.169296332855264
0.180702104397014
0.194959822834115
0.212090197493791
0.232111235801052
0.255037116988279
0.280878094594547
0.309640986796064
0.34132989416983
0.37594692050448
0.413492789067603
0.453967322314349
0.497369792347048
0.543699164964577
0.592954262820755
0.645133870226015
0.700236797415907
