"x"
0.167981750832209
0.136103032810789
0.1110136607258
0.0915980014676485
0.0768892316290355
0.0660693375049516
0.0584691150926816
0.0535681700918014
0.0509949179041789
0.0505265836339749
0.0520892020876414
0.055757617773923
0.0617554849038568
0.0704552673907714
0.082378238850288
0.0981944826003195
0.118722891661071
0.144931168755041
0.177935826307017
0.219002186444082
0.26954438099561
0.331125351493267
0.40545684917101
0.494399434965089
0.599962479514048
0.724304163158721
0.86973147594223
1.03870021761001
1.23381499760975
1.45782923509145
