"x"
-0.00853641705730493
-0.00869614665051654
-0.00923702626242115
-0.0101590558930171
-0.0114622355423061
-0.0131465652102883
-0.0152120448969635
-0.0176586746023306
-0.0204864543263914
-0.0236953840691438
-0.0272854638305891
-0.0312566936107272
-0.0356090734095587
-0.0403426032270827
-0.0454572830632991
-0.0509531129182094
-0.0568300927918102
-0.0630882226841057
-0.0697275025950933
-0.0767479325247713
-0.0841495124731465
-0.0919322424402095
-0.100096122425969
-0.108641152430424
-0.117567332453565
-0.126874662495397
-0.136563142555934
-0.146632772635149
-0.157083552733062
-0.167915482849674
