"x"
0.00232470669174441
0.00232468881927506
0.00232043645283624
0.00231080143490007
0.00229487226090271
0.00227235800591719
0.00224400645070709
0.002211839073187
0.0021789297353745
0.00214862297644403
0.00212348541010875
0.00210458371314026
0.00209149911565585
0.00208293809871286
0.00207744557830732
0.00207384687354976
0.0020713664851541
0.0020695595287264
0.00206819424832406
0.00206715531112814
0.00206638318768744
0.00206584206484093
0.00206550504728855
0.00206534829832757
0.00206534924563251
0.00206548638098876
0.0020657395345706
0.00206609017799275
0.00206652161551844
0.00206701904701578
