"x"
0.0758422297186953
0.0629741357364133
0.0525429057284632
0.0441888205691383
0.0376015587278338
0.0325201962690458
0.0287332068523739
0.0260784617325186
0.0244432297592823
0.0237641773775698
0.0240273686273878
0.0252682651438445
0.0275717261571501
0.0310720084926171
0.0359527665706597
0.0424470524067938
0.0508373156116374
0.0614554033909111
0.0746825605454359
0.0909494294711357
0.110736050159037
0.134571860195266
0.163035694761054
0.196755786632731
0.236409766181732
0.282724661374591
0.336476897772947
0.398492298533535
0.469646084408198
0.550862873743882
