"x"
0.437826380401205
0.396779866955171
0.360234823197343
0.328001738844089
0.299881126837416
0.275688135453
0.255289773127109
0.238652860393521
0.225894723380198
0.2173197764434
0.21341661160762
0.214791964746595
0.222043575342222
0.235619113277136
0.25573199854535
0.282369993101407
0.315369657705702
0.35450252807194
0.399537511649738
0.45027290841891
0.506546503510276
0.568234037733783
0.63524314471285
0.707506475766094
0.784975569405871
0.867615912359718
0.955403161436893
1.04832033411116
1.14635575191423
1.24950154746857
