"x"
0.243579106875623
0.217731626662797
0.195038255399963
0.175542624298447
0.159278790207812
0.14625738049502
0.136449118734653
0.129772042315898
0.126091459613557
0.125238562620981
0.127043956811851
0.13137301162113
0.138149010098009
0.147357731748243
0.159036348671321
0.173254454184129
0.19009487571505
0.209638964334833
0.231957793929336
0.25710850939966
0.285134173830119
0.316065493139685
0.349923233741373
0.386720634331314
0.426465484747588
0.469161774515604
0.514810931403871
0.563412717314889
0.614965858003923
0.669468475365409
