"x"
0.00625914603072011
0.00624960860322774
0.00625268849022757
0.00627225821471929
0.00631155100602811
0.00637203879262156
0.00645216631845001
0.00654640859461597
0.00664527615077749
0.00673673488595504
0.00680895987710157
0.00685359217315336
0.00686810532336063
0.00685605086596345
0.00682509159812294
0.0067840573044535
0.00674055051008664
0.00669983106223236
0.00666480116850013
0.00663654982422104
0.0066150081667917
0.0065994903528419
0.00658906185481007
0.00658275716732668
0.006579691153486
0.00657910441908046
0.0065803719043369
0.00658299328295124
0.00658657598403849
0.00659081662420991
