"x"
-0.0122378485838682
-0.0140617243278947
-0.0157242998713074
-0.0172255752141064
-0.0185655503562946
-0.019744225297871
-0.0207616000388328
-0.0216176745791861
-0.0223124489189226
-0.0228459230580492
-0.0232180969965636
-0.0234289707344655
-0.0234785442717545
-0.023366817608432
-0.0230937907444965
-0.0226594636799476
-0.0220638364147879
-0.0213069089490164
-0.02038868128263
-0.0193091534156326
-0.0180683253480225
-0.0166661970798009
-0.0151027686109697
-0.0133780399415203
-0.0114920110714611
-0.00944468200079097
-0.00723605272951211
-0.00486612325761586
-0.00233489358509604
0.000357636288006993
