"x"
-0.0594994499980311
-0.0546631978210658
-0.0504749415996475
-0.0469346813337748
-0.0440424170234492
-0.0417981486686739
-0.0402018762694438
-0.0392535998257601
-0.0389533193376247
-0.0393010348050382
-0.0402967462279962
-0.0419404536065028
-0.0442321569405564
-0.0471718562301574
-0.0507595514753057
-0.0549952426760012
-0.059878929832245
-0.0654106129440341
-0.0715902920113717
-0.0784179670342547
-0.0858936380126883
-0.0940173049466658
-0.102788967836192
-0.112208626681265
-0.122276281481887
-0.132991932238058
-0.144355578949769
-0.156367221617038
-0.169026860239846
-0.182334494818196
