"x"
-0.0446332615050531
-0.0128696934086616
-0.0235929581855113
0.035600726976207
-0.0109779231289323
-0.0426115267293115
-0.0187670143731822
0.0344635674359043
-0.0441651161928
-0.0115142650884557
0.00025826371373217
0.0417051788915658
0.0135005692000995
-0.0366325465790042
-0.0191444473704663
0.0281962847187557
-0.0511426599882838
-0.0331085661600755
0.0223648367260597
0.0316147222705379
-0.0422662792772714
-0.0364769545148554
0.0166575669091217
0.0389200807340973
-0.00532310897704256
-0.0497468624241656
0.0215075122073268
0.0352170784020001
0.0385990859591918
-0.020658478298648
0.0490210973432995
0.0376577978405896
-0.0134971279327587
0.0206939950256899
-0.043294736413585
-0.0426843832317287
0.0282153975937464
0.0251299732100455
-0.0269646486016014
-0.0446446358569231
-0.0193694490908697
-0.0193087095488281
0.0081015972887891
0.0063960557980642
-0.0153343688609204
-0.0207878499005695
-0.00215612070441097
0.0342487357151789
-0.0417030776235441
0.0140809479257633
0.0482225789682186
0.0197956600832896
-0.0423000702487074
0.0095942165788592
0.0348402521015813
0.0314684997653791
-0.0174708104639797
-0.0371576900638225
-0.0352048380342399
0.0075787446316987
-0.0106506340724335
-0.0404947040628969
-0.0479004321906683
0.00923964710804718
-0.051362043594718
0.050065160560154
0.00899545265374353
0.035423402082903
0.0218495586180144
-0.0471615650305015
-0.0160008617741451
0.0274679484984154
0.0351377348360328
-0.0201820121497074
0.0271495088479183
-0.0363637283356862
-0.0252657202028955
-0.0356842642771453
0.0503482180245907
-0.0154349947902332
0.0153365327464069
-0.0424236205184587
-0.0470284576379254
-0.00559076540668432
0.000505787474195297
0.0102046812890572
-0.00792158152776307
-0.00726538678283673
-0.0296800385637116
0.0164973181639832
-0.00888913274329504
-0.0275123545729371
-0.0387999186607402
-0.016190897507828
-0.0336529582391515
0.0185173776339811
0.0433216759907453
0.0375007484294917
0.00369527472615361
0.0305432786534182
0.0362576342472854
0.0252933131995533
0.0148601053606588
-0.0340835516365229
0.0465527878176964
-0.0151965111737637
-0.0469501583937245
0.027071713934013
-0.0290420180329697
-0.0201176167961541
0.0214404994485533
-0.0430227114779529
0.0112417258431701
0.019029468118702
0.0208291144251396
0.000421060369285406
0.0508447617037519
-0.0413826943307865
-0.0103111479080898
0.0230387128251248
-0.0349686829506385
-0.00874409530491864
0.048022092682645
0.0219814724793889
-0.00947538252959179
0.0286722717863785
0.00674340889461546
-0.0118745483548392
0.0460047840046098
-0.0164220554820797
0.0241114752083757
0.000969099867593929
0.0091558110996787
-0.0248832918757133
0.021005844236108
-0.0369989598402992
-0.0195860804865892
0.00108439066769707
-0.00820310195466756
-0.0346791706932499
-0.0273148332627974
0.0447266966938292
-0.0337777088453051
0.0350287995402824
0.0452801731627266
0.0431007326467455
0.0124282020234671
-0.0313801240629511
-0.0455275594485175
0.0370622909614637
-0.0213641092675367
-0.0188299922972179
0.0021244009907831
-0.0459262239985853
0.0222382571560978
0.0454204969536101
0.033844671322543
-0.0238198983300531
0.00946015374091841
-0.0315407790521183
-0.0297310928624014
-0.041081816258087
-0.0160126086806935
0.0448530976693552
0.0202282263155491
-0.000984782729073837
-0.036494813188958
0.0381756938347879
0.050739605819271
0.0445665778727162
0.0299437108970376
0.0279696070673959
0.0144472902975475
0.00385158008594712
-0.0159930328596841
0.0439154653141713
-0.0173427083566129
0.0398462773222786
0.0296646723244127
-0.0128035175452906
0.0334669859076212
-0.0103392299173299
-0.0462483100102625
0.0282298017508064
-0.0489515223423106
0.0185666034017022
0.019717013268875
-0.0305903501543111
-0.0324698415435541
0.0333441254880353
0.0489853731658471
0.0305789890040495
0.0431914577785765
-0.00487222441905223
0.0212498138542764
0.00134439442074254
-0.00147972675323796
-0.0142415999331465
-0.0368113950196722
0.0204178785052367
-0.0355822892588814
0.0380620102403284
0.000404636125678821
-0.0185596126571159
0.00557106995361373
-0.00102020382260663
0.0288605695247129
0.00492666987187367
-0.00214522295705431
-0.0276578011890329
0.0516103136187769
-0.00502009832758907
-0.0324997847150608
-0.0462604141778227
-0.00931164031184514
0.0491333131786124
-0.0265980323385252
0.00410736213777285
0.0395378512961239
0.0234619483577734
-0.00514692302905493
0.0187967123169983
0.0310693895588307
0.0187841438808539
-0.00128032311978362
-0.0178013808295336
-0.0312772058631116
0.0307844047557591
-0.0239044192349781
0.0344065918671858
-0.0466531182618296
-0.00108840612083856
-0.0409003537306359
-0.00285238033485789
0.0251658193039904
-0.0116488924935389
-0.0470404929118463
0.0199017301490916
-0.0205888397183284
-0.045931856588635
0.0160871729758724
0.000243909212995014
0.000606369927173096
0.0306413491697629
-0.0182113414596404
-0.0166168181370038
0.0303912547988518
-0.046549047674599
-0.00532922733337759
0.0134630819226008
-0.0362355691175364
-0.0334926047227787
-0.00674011371064591
0.00412783792853579
-0.0126916229491146
-0.0435540004196757
-0.0451659413047503
0.0227061407206149
-0.0135864065626777
0.045560305833674
0.0144977428529809
0.0315972552922435
0.0276402618543823
-0.0142687523952591
0.0381270677663583
0.0097353640394902
-0.0308772488539428
0.0441784936302382
-0.00959222013016518
-0.0141744094937095
0.0213821589441443
-0.0428435184007619
0.0136066379673827
-0.033555037268895
0.00264850210161334
0.0484863183916855
-0.0264383369547924
-0.020224575481693
-0.0314866268721851
-0.00911150614130123
-0.00180992790659723
0.0435135884448743
-0.0352937468267515
0.00845089823576387
0.0490807886199249
0.0349670532373346
-0.0285398076896622
-0.048548308551665
-0.0508489094374901
0.0472479473862527
-0.0351983610462343
-0.0337542348225976
0.011181271277924
0.0328357765892105
-0.0509057496476412
-0.0388063384898695
-0.0463289246338164
-0.0169623309437767
-0.00798262143645332
-0.0250343524457087
0.00369141511932145
0.0418187883502172
0.0479458627484739
0.0203984498016044
0.0120055473615866
-0.0196420812523934
0.0423632773853678
0.00905933855506582
0.0219700956507145
-0.01939727375291
-0.0330586936578243
0.0474194640047151
0.0509952227187356
0.0355531210145717
-0.0294135574379141
0.0427451370334311
0.0285375041172121
0.0286120402537692
0.0513851428745024
0.0368590331797657
0.0192292618127926
0.041818647484968
-0.042384739040502
0.0296310957288211
0.00450192048265911
0.038419302224248
0.0314195223033192
0.0213876450901231
0.00152910286058662
-0.0160993763358452
-0.0333813576546721
0.0439525151350955
0.0351872460374357
-0.0246088214443296
-0.0137928983055858
-0.0337998996668701
0.0452168630102369
-0.0330984000078608
-0.0433014390553118
0.0459822808171201
-0.0385240722803022
0.0174602701459614
-0.0510790589194772
0.0242192512153477
-0.0149629866729441
0.00909334279620052
0.00930601628240116
0.0220197909772818
0.0214700494093132
-0.0321416780067459
0.0434722588981749
0.0258965873134945
-0.00554298585231541
0.0212647468932571
-0.00401259339417855
-0.0179209483255347
-0.0300827652174131
-0.0382732625216881
-0.0510235721988133
0.0376413083103405
0.034388695776503
-0.0507275591231934
0.00218964317100355
-0.023935993249981
0.0336665439205395
-0.0129966094392869
0.0265123193211508
-0.0396107748646353
-0.0393686670579929
0.0432672266904606
-0.00798625397081225
-0.0263982492730519
0.0129712910629181
0.00164004153046495
-0.00157562299594535
-0.0460849922639018
-0.0453654468719348
0.0375958658494454
0.0370801062554178
-0.0324397075859621
-0.019463631529154
-0.0384404108505799
-0.040883718020829
-0.044077970620568
0.0391746632430601
0.0478862051611989
-0.021797687647151
-0.0438087837662215
-0.0503490868539384
0.014875793560494
-0.0281627926230764
0.0271123473062792
0.0337909903366279
0.0283649292539757
-0.011117849573046
-0.0146366666000714
-0.01510410592686
0.0374129442677334
0.00993894108850016
-0.0292162352339989
-0.0127231781836874
0.0512000939101118
-0.0256599693079209
-0.014250446164991
-0.0269237769270784
-0.0256367487368568
-0.0241560892382874
-0.00267703279721144
-0.0229229240430405
-0.0399930117805195
0.0236219356437357
0.0248690672509084
-0.0296413605444222
-0.0130488170391404
0.00788733862367202
-0.0142500083958101
0.0329034666698471
0.0491962702301599
0.027293880194215
0.0326537446852878
0.0159270170748321
-0.0210726030863519
0.0111008076913503
0.00502714510085929
-0.0294696556647724
0.0077797758623521
0.0238493134131786
0.0428564345033066
-0.0347296705003416
-0.030114397160785
0.0166919491394766
0.0322105204747737
-0.0313858425716652
-0.0343562201084812
-0.0454985064597797
0.0494559366568626
-0.0396691247231895
-0.0414672220649587
0.036777884600449
-0.0120207957242294
0.0230046819884002
0.00688974083605777
0.00283333743560559
-0.0143656803111974
0.0201890415853463
-0.0347018328771595
-0.0048867042989989
0.0374111330743961
-0.0335491609660934
-0.00726731585283012
0.0368029973058591
0.0356661451057324
0.0453699641304741
0.0498812348867135
-0.021432165097651
0.0339715923548706
-0.0144112113358877
0.00311472454790757
-0.0404545330595298
0.00684703050692841
-0.0052675032254836
0.0375952835358786
0.0266463492632806
-0.0485654528720704
0.0498727638306317
-0.0453882435968258
0.0430200004350953
0.0492635627957001
-0.00575932426370644
0.0459673604507216
-0.0198425473387848
0.0187087673861774
-0.000308848333342525
-0.0473615190916708
0.0226627285660907
0.0379215138666704
-0.000577651956300022
-0.00730495621127392
0.0342269352909033
0.0352725681284946
0.0406136088333487
-0.0499159236156117
0.0318592444806194
0.00784824524667532
0.0313557311217334
-0.0504168035782583
-0.0106276120785677
-0.0122142915778231
0.00436152637938424
0.0253043450069585
-0.0341723012402414
0.0263751731742338
-0.0149258431903358
-0.0441045569525062
0.0491263758416257
-0.0324089969176717
-0.00173921913032074
0.00300730392630905
0.0249751086050157
-0.0511657543144593
0.0270151645920855
-0.0010279084640038
-0.00484887269758363
0.0281382997199534
-0.0470497448346466
-0.0405315729328139
-0.027869005761848
0.0285848421992167
-0.0403289849223324
-0.0487272125641308
-0.0269480744512069
-0.019744571926923
-0.015499447975969
0.000231191711695298
-0.0383925074319402
-0.00739636051655971
-0.0241678830357945
-0.0291513719567712
-0.0328599225954258
0.0488222815300938
-0.0287574787420989
-0.00592693332632554
0.0339655084573785
0.0287141079478048
-0.0504812412058144
0.0352147891853974
-0.027755249498426
-0.0133084942387403
-0.0318384434589764
0.0239588041383462
0.00248354033419471
0.038377666130912
0.022004357239049
0.0476784214160759
-0.0492278101710662
0.00774380200857974
0.020327978077159
-0.0238839450072471
0.00674141860186268
-0.0307828632455509
0.0417706806553241
-0.0196308958590636
-0.0185726771996032
-0.0358444159940693
0.043172766850074
0.00118065210680931
0.0211626110029349
0.0262985021043514
-0.0201866392533233
-0.0203259281968187
-0.0266794970831367
-0.0397300906163049
-0.0398789876374668
-0.030424239005332
0.0182127096897213
-0.0234883807430873
-0.0378658486718038
0.0220177448722649
0.0170919190857407
-0.0238648491332348
0.00549720130384179
0.0463478780074076
0.0172313136180564
0.000368376597758204
-0.0405392504976883
-0.0293610630577667
-0.0354767665187771
-0.0442549694173126
0.0428252937126686
-0.0248463955685739
0.019518672954037
0.0508558448507451
0.0359158439574187
-0.0280311104992243
0.0312736095670474
0.0376986585979355
-0.0145004185953629
-0.0293438179338235
-0.0325985987055903
-0.0119084831492618
-0.000245771673780438
-0.00711567068483661
-0.0166584068344015
0.0184003292164668
0.0358002340583301
-0.045973409865324
0.00543655609679039
-0.0196597748462748
-0.0262020727715604
0.038142903251897
0.0344549844426879
0.0474403226902139
-0.0163283683325523
-0.0508728053104992
0.0193604271020934
0.0500551127655284
-0.0480514112184889
-0.0210060247302289
-0.0346072034838757
0.0152270974968504
-0.0287140270067962
0.0465311876538843
0.0516173151122137
-0.0418826111531418
-0.0268868160546958
-0.0200562964314376
0.0444126390875839
-0.017514862235227
0.012599735354348
-0.0265988233048349
-0.0495093086914766
-0.00369111977842171
0.0474313932810227
0.0148738949335538
0.0252783443791641
0.0447872045464417
-0.0352539468390775
-0.0507597539023493
-0.0098151071885654
0.0114560877886295
0.016230057133333
-0.0447777279077394
0.0378555607473764
-0.0509954091042846
-0.000520479493648357
0.0207744966781033
-0.0378087045601471
-0.0346936091889197
-0.0196165790153732
-0.0334443322602708
0.0153716578257339
-0.0238224126953974
0.0147833922812868
-0.0148930584748265
-0.0480996963776256
0.0190848494188721
0.0334411880170949
0.00413158812313103
-0.00784005868645617
-0.0394275186257582
-0.0205789651076435
0.0309291539229495
-0.0427598195304126
0.0102908725942102
0.0282496525211601
-0.0423198925959261
0.00973112389449338
0.0220377327325445
0.014852314415851
0.0386365326699996
0.00924985269676045
0.00352873047304284
-0.00574403920588265
-0.0211471343895332
0.00568317308229925
0.019995521011801
0.0216610253668342
0.0105705529718028
-0.0223812493551365
-0.0338019825151613
-0.0221006996432166
-0.0289640391862731
0.0477879491009377
0.0124320151240869
-0.0433757152235847
-0.0148639325526129
-0.0432361170883217
-0.0442692285731005
0.0507145658068701
-0.0316764425309686
0.0365771234617176
0.0157375791648024
0.0160283917445451
-0.0502682479954155
-0.0191328823046511
0.0415162114541548
0.0476204567607357
-0.0301487207173249
0.0308542715146976
-0.00899793970209855
-0.034268721507447
0.0440400942683455
0.0314696549421811
0.00830485610449283
0.00809752789902181
0.0319814018484315
0.025240824638694
-0.00333046150460194
0.0146234338753458
-0.0180027312794057
-0.0420140801275283
-0.0205851766447298
0.0118345911742437
-0.051529199642583
0.00556221015946118
0.0194095259516198
0.00533362147309204
-0.00756020733721418
-0.00214315189161938
-0.00481645002836856
0.00519446372809433
0.0269281339868655
0.0183421143076871
-0.0300335261759436
-0.0229954383135993
-0.0305076190412089
-0.0379391900267337
0.0128814939873226
0.0200449591354483
0.0495592300805581
0.00200566204599854
0.00700140941781289
0.041595570361882
0.016005960889365
-0.0318557754153564
-0.0223097762321869
-0.033561576369386
0.0314581748331643
-0.0343998607782774
0.00501297816395685
-0.0478359041958185
0.00655622396289372
0.0116630185030508
-0.0137688654388375
0.0124482666165924
-0.0380108003598424
0.0109754288906303
0.0169378580474628
-0.0251318293225165
0.0276787021725812
0.00770756116490265
-0.0301931139268913
0.036248364626154
0.0428525872083569
0.00210559333986349
-0.0391380474159935
0.00750298649271182
-0.0334817742338894
-0.0393003135304076
0.0137672601569254
-0.0249295909021669
-0.0109214258239457
-0.033560782781992
-0.0147472847281656
-0.0125516803937485
0.0247715715455772
-0.0190894582229907
0.038000665251847
-0.046271484435814
0.0221543740884441
