"x"
0.00158328251193576
0.000744469101936441
0.000585527025294445
0.000497265456923977
0.000415012061381564
0.00038421018407665
0.000368562445277544
0.000359329107402941
0.000353361229280968
0.000349257769906089
0.000346306281550329
0.000344109097352949
0.000342428375246704
0.000341114050072158
0.00034006730545771
0.000339220753638889
0.000338527075417873
0.000337952207782653
0.000337471100242501
0.000337064984028577
0.000336719564774696
0.000336423796664519
0.00033616903277698
0.00033594842473609
0.000335756491141282
0.000335588802473586
0.000335441747782961
0.000335312359703734
0.000335198181669755
0.000335097166062099
0.000335007595304896
0.000334928020175485
0.000334857211161098
