"x"
0.0043552883941581
0.00208617258482746
0.00168188520007527
0.00145888232609109
0.00124608452388252
0.00116248490115349
0.00111865128400509
0.00109236177314583
0.0010752756764436
0.00106354873237526
0.00105517164373357
0.00104899986861538
0.00104433896496426
0.00104074657951115
0.00103792977542182
0.00103568828255693
0.00103388148129773
0.00103240836708638
0.00103119495402765
0.00103018611250429
0.00102934013989601
0.00102862506567588
0.00102801608550136
0.00102749374696415
0.00102704264592517
0.00102665047598727
0.00102630732621951
0.00102600515599942
0.00102573739794039
0.00102549865459877
0.00102528446463011
0.00102509112092074
0.00102491552799786
