"x"
0.00101342614708049
0.00078008012354627
0.000696903154117955
0.000643989953351673
0.000585955770815785
0.000557547113859788
0.000539429329490178
0.000526582395148996
0.000516924317517552
0.000509377688491509
0.000503312201615355
0.000498329304795617
0.000494162882910926
0.000490627826706696
0.000487591147891096
0.000484954748855811
0.000482644651018583
0.000480604001149834
0.000478788385837316
0.000477162607693824
0.000475698415826214
0.000474372875748298
0.000473167177648886
0.000472065751261415
0.000471055599053658
0.000470125787394179
0.000469267053703686
0.000468471499894665
0.000467732350786316
0.000467043761992426
0.000466400665865797
0.00046579864699623
0.000465233840861494
