"x"
0.00115249700836877
0.00058262340305711
0.000460470328698208
0.000388198717258873
0.000315358058603309
0.00028581486879187
0.000270143481480224
0.000260649044408335
0.000254400693754588
0.000250045112373457
0.000246876412315433
0.000244493440880218
0.000242653088400643
0.000241200422640118
0.000240032614948381
0.000239079089441341
0.000238290019333635
0.000237629367528577
0.000237070520315826
0.000236593461030102
0.000236182890188537
0.000235826944997347
0.000235516308526373
0.000235243578193714
0.000235002810444285
0.00023478918741112
0.000234598769470975
0.000234428309221587
0.000234275110002919
0.000234136917142088
0.000234011833525725
0.00023389825345748
0.000233794810399558
