"x"
0.000416602733749965
0.000358314786031423
0.000325991901590656
0.000298891074790953
0.000262789573218484
0.000244823665534622
0.000234245808104807
0.000227363592003271
0.000222570253268885
0.000219061448515467
0.000216393439265983
0.000214303014532897
0.000212624958933694
0.000211250739231638
0.000210106336217872
0.00020913965913691
0.000208313057397321
0.000207598684878118
0.000206975530877103
0.000206427461550216
0.000205941894086452
0.000205508878462581
0.000205120448413619
0.00020477015425267
0.000204452721020665
0.000204163794595555
0.000203899750558933
0.000203657548516719
0.000203434619797123
0.000203228779969489
0.000203038160037399
0.000202861151833784
0.000202696364325216
