"x"
0.00260088694680198
0.00120827836925156
0.000945483357534611
0.000807232277780221
0.000681894944252515
0.000632450646389142
0.000605083949618098
0.000587507250974024
0.000575229287654732
0.000566170655258
0.000559221899479977
0.000553732422350648
0.000549294007175883
0.000545637109582889
0.000542576478294855
0.000539980602781229
0.000537753583909246
0.000535823888038765
0.000534137109194954
0.000532651163488674
0.000531333012055193
0.000530156373870166
0.000529100096580472
0.000528146974899697
0.000527282879680949
0.000526496106602249
0.000525776882650899
0.000525116987682679
0.000524509461036712
0.000523948371797271
0.000523428637223882
0.00052294587801793
0.000522496302032755
