"x"
0.000653325591468199
0.000506726958238329
0.000456292282865896
0.000420231903860893
0.000378554582162373
0.00035977677161856
0.00034906863192659
0.000342145069944474
0.000337299876748474
0.000333718824549
0.000330964085786218
0.000328779240395271
0.000327004120948849
0.000325533508466418
0.000324295417935512
0.000323238928544316
0.000322326998060449
0.000321532031902433
0.000320833048679826
0.000320213808999378
0.00031966154598477
0.000319166083174289
0.000318719208505899
0.000318314221615803
0.000317945600911946
0.000317608754992589
0.000317299834475935
0.000317015587769196
0.000316753249248177
0.000316510451651826
0.000316285156783397
0.000316075600202541
0.000315880246718199
