"x"
0.00162846045562933
0.00130454670180398
0.00120304521645103
0.00112948660168143
0.00103864245349691
0.000993953533212608
0.00096718599714669
0.000949466785692032
0.000936961284156213
0.000927720426445376
0.000920647632693836
0.000915080341985394
0.000910596111594375
0.000906913898870906
0.000903840126183372
0.000901237531784491
0.000899006349332254
0.000897072499672092
0.000895379940669997
0.000893885571563381
0.000892555755480607
0.000891363894826378
0.000890288708136355
0.000889312984260974
0.000888422667580183
0.000887606176763186
0.000886853890886219
0.000886157757199487
0.000885510988482344
0.000884907827174443
0.000884343359836355
0.000883813369937438
0.000883314220111984
