"x"
0.00140132747990713
0.00113927964715957
0.000974792553547329
0.000811359759080957
0.000675626986585137
0.00061558455624993
0.000582031193314108
0.000560844098696089
0.000546404537167257
0.000536031273825819
0.000528284121059906
0.000522322098140167
0.00051762255475657
0.000513844574880457
0.000510756996425863
0.00050819800778656
0.000506051280839094
0.00050423126483764
0.000502673797629629
0.00050132992715018
0.000500161737504095
0.000499139463849901
0.000498239457347185
0.00049744272359843
0.000496733855867092
0.000496100245001062
0.000495531486493049
0.000495018930085046
0.000494555333844754
0.000494134595764537
0.000493751543544985
0.000493401768511023
0.000493081493330166
