"x"
0.00124677051871161
0.00117149551489089
0.00110254566658464
0.00101090107399387
0.000907061483136044
0.000847490193001167
0.000808746812380704
0.000781751337041059
0.000762034397338244
0.000747115355868112
0.000735507415852124
0.000726268188618938
0.000718773755558611
0.000712596197270161
0.000707433267638013
0.00070306609482645
0.000699332741958454
0.000696111132993586
0.000693307712074122
0.000690849723887576
0.000688679843898136
0.000686752370538867
0.000685030478039793
0.000683484203390024
0.000682088950295216
0.000680824362969084
0.000679673468296704
0.000678622015311266
0.000677657961498784
0.000676771069584983
0.00067595258831647
0.000675194997712881
0.000674491804247876
