"x"
0.000389719008669916
0.000365749058421622
0.000343257070621805
0.000313916282307597
0.000282962434536979
0.000266226828953171
0.000255375093185208
0.000247609409485025
0.0002417048132142
0.000237028081088083
0.000233213209471503
0.000230031192688686
0.000227330068184391
0.000225004339118657
0.000222978102374007
0.000221195141614417
0.000219612810556529
0.000218198097120596
0.00021692500188538
0.000215772740058515
0.000214724476858827
0.000213766418431637
0.000212887145714219
0.000212077117992881
0.00021132829730362
0.000210633860390948
0.00020998797510066
0.000209385624859026
0.000208822469498476
0.000208294733876944
0.000207799117978291
0.000207332723778279
0.000206892995314659
