"x"
0.000931026203511725
0.000872403765688551
0.000821309157259344
0.000754158615863083
0.000682024517945011
0.000644089504063439
0.000620728046601929
0.000604889874333498
0.000593438837957579
0.000584768505709704
0.000577970577477506
0.000572492855702062
0.00056798047994934
0.000564195162553077
0.000560971066129283
0.000558189284887522
0.000555762381285622
0.000553624644234083
0.000551725745901624
0.000550026492397399
0.000548495905735892
0.000547109175777577
0.000545846194601436
0.00054469048927612
0.000543628432446323
0.000542648650043654
0.000541741571091231
0.000540899081418508
0.000540114254372655
0.000539381139280523
0.00053869459371486
0.000538050149333571
0.000537443903700252
