"x"
0.000904590527685476
0.000754298683259306
0.000654180931995463
0.000552050388130658
0.000466922537786658
0.000429106517632914
0.000407697923477792
0.00039393406750761
0.000384355362554136
0.000377316820218906
0.00037193546744085
0.000367694747075837
0.000364272278448421
0.000361456443551095
0.000359102575767617
0.000357108422521564
0.000355399665061402
0.000353920993456604
0.00035263039942425
0.000351495409805136
0.000350490531791491
0.000349595478005052
0.000348793906981933
0.000348072512407898
0.000347420353345691
0.000346828354161718
0.000346288926000816
0.000345795676674441
0.000345343185770504
0.000344926828498674
0.000344542636384392
0.000344187186127928
0.000343857510208312
