"x"
0.000502627456591383
0.000480420661333217
0.000456390312498978
0.000422628577787724
0.000385953071510433
0.000366232274649875
0.000353606338382253
0.000344661318812841
0.000337901821752573
0.000332563082253106
0.000328209693887165
0.00032457348304707
0.000321479041969195
0.000318806072204258
0.000316468857965716
0.000314404379680699
0.000312565078976733
0.000310914266611321
0.000309423102103685
0.000308068545206894
0.000306831928962828
0.000305697942245462
0.000304653889189358
0.000303689140218848
0.00030279471842516
0.000301962983339056
0.000301187385966123
0.000300462276755655
0.000299782753430275
0.000299144539208738
0.000298543884469175
0.000297977486680628
0.000297442424709924
