"x"
0.00278311343714617
0.00228286164046401
0.0019585550753525
0.00163275111619208
0.00135500478229461
0.00122609948980345
0.00115157749966924
0.00110364562776613
0.00107074891855892
0.00104714502402793
0.00102964664951867
0.00101634449152591
0.00100602849834504
0.000997897559505983
0.000991402420488661
0.000986155516649724
0.000981876699551999
0.000978359261323966
0.000975447952068689
0.000973024349946823
0.000970996883853815
0.000969293882005218
0.000967858636364519
0.000966645838877316
0.000965618969104988
0.00096474835301669
0.000964009702579453
0.000963383004619987
0.000962851666663743
0.000962401854065395
0.000962021971072078
0.000961702251264553
0.000961434431884083
