"x"
0.000708977659484872
0.000581340980382013
0.000499595162814089
0.000418741606290178
0.000352518696032864
0.00032302530903917
0.000306154749170593
0.000295198416114081
0.000287514672724861
0.000281840982492029
0.000277493372532503
0.000274067285780162
0.000271307384120546
0.000269044265522953
0.000267161011486889
0.000265574296937383
0.000264223140024529
0.000263061901716366
0.000262055766951278
0.000261177735291514
0.00026040656238841
0.000259725318663888
0.000259120359318849
0.000258580574865493
0.000258096836934551
0.000257661582522121
0.000257268498007328
0.000256912276146787
0.000256588427170815
0.000256293130483467
0.0002560231171807
0.000255775576202279
0.000255548078781615
